5.471394546964933	-1.1892956418504683
4.444023567277802	-1.8531201880989865
-5.855123792841508	0.5583168025281647
-0.6496940061905033	3.2619109032832765
-2.871824120905354	-2.5419364522022314
3.101567397768023	-2.973363230049107
-4.136575867568235	-2.217184712075592
-0.03636815521228593	-3.0223073013819857
-3.3084592350170605	-2.601494971645597
-2.5848081261180735	-2.8189294576468824
-4.954140898672434	-0.6217439976967459
5.458817057455084	-1.30035302880923
3.677375647774209	-2.303338711800871
2.018725858159207	2.9736444652918643
-0.5025944436996669	-3.143995283144573
0.750158078160657	2.986627918265398
4.821228858089197	-1.4296386686829359
-1.9945712050101978	2.873570246322083
-3.5780981019361957	-2.6356993333095735
5.477423535457316	1.4355596443757521
0.4913400520917887	3.216016539517763
-3.355311322551409	-2.8380519324102846
-4.666673235958549	-1.9201641779491676
-4.4507826470530425	-1.716828001182541
5.268843447140821	-1.515848308597516
4.4045010218035685	1.7367691342527332
2.6530046922566077	2.8299900339441635
5.375706913943793	0.33318432634807926
-4.780721741653319	-1.7903680022623056
-0.21656588758894796	-3.3876956680180843
-2.1962562844049605	2.824547416745684
5.2008282519434035	0.12222266356292572
3.6645481400324003	-2.6686232843484383
-1.0396857338145415	-3.2262463148091056
1.5088335719485007	-2.8888573925949346
0.451934101495041	3.2961268032876005
5.137893753101453	-0.5809810895937239
1.224833275158798	-3.0850972113868114
-3.4519121693586166	2.2895471173649855
4.415433426984912	-2.2776377238406695
-5.40550799631659	-0.6300919407962997
5.566566555169599	-0.2106308682423594
-1.1120603643153677	3.330842817545654
-2.935274370742027	2.6343588343568967
-0.61154948499131	3.1566571326319597
-5.152518944227067	-0.6433589648911565
-4.863321998742772	1.0786750900786157
-0.8911490366019726	-3.0756326338733633
0.16630027091433694	-3.0463262677592575
4.931538884824763	1.393043503739028
-3.6048794483196116	2.6765373740576774
-4.956518383623835	-1.2731991319234102
-4.562568487013492	-1.5551558744041603
-4.134635730619437	-2.006261142009665
-4.095051851859298	2.1566790048725055
-2.9365985407928807	-2.6656453004269065
-5.183617729025991	0.5279802573052124
-0.7635427892462595	3.2088715609475704
-0.9510731783239329	3.4839957023523
1.532190192494369	-3.41193603773295
1.9154554917751039	-2.9136905753415583
-1.8398418741817835	3.1111904571724796
-0.6282613140221239	3.01314885803586
5.009905799808153	-1.3424096040077684
1.7577968695222863	3.3959271017530743
-3.1825386543290484	-2.588026783195214
-4.9016355950727	-1.038052950511822
-4.567610432813641	1.8305040483527648
-0.17517331040839582	3.5181331149233634
2.9990713817472874	-2.686615200550399
1.106658719915058	-3.267672070176473
-4.9864019008239	0.35939284236418223
-4.596999574786089	-1.852884844280351
-1.9138286013936063	-3.3457320478670938
5.581805767855475	-0.05867757803246532
-3.101389090644364	2.9932973695737815
-2.0029422412095284	-2.815652407854288
-5.773956917989904	-0.38138839700541977
-0.46771796552697803	3.5799281051308416
1.5607676329713553	-3.343534610839499
-0.7914531812707296	3.1860406547786844
-5.173177776838573	-1.5356160704381137
3.422578786062395	-2.760041092982221
5.446442633691456	-0.2885678214887803
3.07674347880417	-2.4714303313784534
-3.242131086864614	2.7991667874581787
-1.2004115750941564	-3.2291840374608016
5.01322153663572	-0.4607767723655898
-4.65639176645529	-1.600631532593193
2.5054027532582697	-3.038718244500027
-5.602257278686936	-0.5347222670823092
-4.744397058286406	-1.4850793853168802
4.4162387154503735	2.03896608853366
-3.027614939775702	2.6847131896598535
1.360636061867178	-3.366447067997384
3.7516973186777234	-2.3425392035432533
0.0656279988719874	-3.421290352750843
2.7249592572177113	-2.788735952088025
-4.2730209886180655	-2.2730966703295263
-4.301009830011627	2.0511814658259966
3.9473518541764543	-2.2248169626231125
3.5900398301646153	2.545084044615214
1.5618609738125455	-3.2170401059675413
-4.779753896850431	1.618754900502586
3.39278983813756	-2.3774511056917227
-0.735234700504289	-3.3556822690837365
2.107117056987592	-3.2581862773442922
-0.670606821607394	-3.2500416126348353
5.240602591623236	-0.249313783323937
5.054632966667731	1.3283450006596662
-5.3943533571853335	-1.1106910451155645
-4.197586894220695	1.8868790779390219
-3.133455986177706	-2.5394292732303083
4.985660323661576	1.4161572226571388
1.292212153576561	2.939174400100148
3.3438143652950707	-2.921350681352119
-2.6205507692470036	-3.044637364539265
-5.229497125764447	-0.5598063915165197
5.001505096978584	0.09461984487623921
0.25980369615211735	-3.083438226492304
-1.514176277930544	-3.0034302983528116
-5.0141552294260405	-1.5895269947225346
4.666036747124389	1.7828787578151934
-4.595987508264225	-1.5976559760321005
3.48567377421828	-2.575563093739264
-0.6381550019666196	-3.1787561557750346
2.992284557508007	2.7961883446185087
-4.94045716292046	1.528248480138716
-0.5172954521448527	-3.161720310132103
-1.4265082299011536	3.2230467482164973
-4.368478464157452	1.9054326973483517
-4.748350118292135	-1.0433515656335803
5.201496803532006	0.4909862041475705
-1.601983293429816	3.117384016908182
4.889594838829274	1.6714719857635416
3.444756568513248	-2.780705329334409
-5.074365780719713	-1.1686004168891377
4.700325911874126	-1.8987247598189352
1.0699275812541273	3.1160783458323262
4.169194253655875	-2.064656774734644
4.053848266803416	2.2526633480861986
2.066919486122909	-3.126442398518604
-0.6303004217376142	-3.437342981031651
-3.334909917978172	-2.693381663623416
3.6300553125343504	2.4145607609566064
1.915011697410361	-2.8473717975198674
2.3375265269544663	2.8598098324388848
-4.476576063568994	1.9113010809527045
4.417518227005821	1.4309523233117067
1.533353916320559	2.996021628951085
0.33511468159593855	3.3826619552824786
-1.3517257217748575	3.1071159318990493
-4.739930100954128	-1.2810709404891565
4.876732431437618	1.531718060311169
-5.436022488220939	0.5737127123522793
-5.228802547281044	1.310075667601169
-4.924541882446017	-1.405068277888835
-2.6804554881453377	-3.135485869976941
2.1962485633914177	-2.7756686973742792
4.967806292605753	1.5596216976949842
-1.896632902402076	3.3199735403795616
-5.563909923100028	0.03222368316883807
-3.0703469720859413	-2.748168239954698
-0.1543467628031604	3.5003470397516656
1.6687664596359177	2.8608471977374608
3.672682772938717	2.2619167716161095
4.517861164315695	2.1980686478543006
-4.779042354852297	1.6021447396260362
2.8252935169582187	2.733520469220612
-3.9213240459629115	2.2264525897030634
-3.405088307103611	-2.5275348019744026
-2.587622372548269	2.8510072740361325
1.941908916395066	3.060038573306599
-4.151787638327008	-2.1689856585632796
3.9553153605665083	-2.493300855637366
-1.039019111929237	-3.316512978591059
-4.790437645551441	1.6393484697520853
4.158099094287937	-1.759854290887315
-2.7920706892980225	-2.6545079539883116
3.393279483518832	-2.5314285020035983
2.0492606212867854	3.020653313233848
-4.42185879685996	-1.6101660856758535
0.8732717510184734	-3.0573837130192767
-5.5984968090854155	-0.7305877580715017
-4.623146171793761	1.6322137837607027
-2.919328966255014	2.621479081619845
-2.8002154491823172	-2.6125772818143096
5.5973811193203105	0.9496946216637804
4.421467218940026	1.832272774197277
2.2947568024145832	3.0151160761525464
3.0635039567924993	2.7798193284478545
5.481306279521767	-1.1105621917786925
-3.9274705517581627	2.4398042163267246
-4.002674612782055	1.9607990820619747
5.117301339530075	1.6480635946678428
-4.310701839873334	-2.012276463242258
1.227671112540312	2.941911190277674
3.723389458760656	2.5072251933721303
-3.089430604965074	2.680799305468327
-4.074590547861394	-2.353295532557367
3.041524045235008	-2.6169117079004733
-2.877581473851192	2.6320031859389115
-2.45740561118934	-3.1057853129028
3.8871715444112325	-2.281329085680389
-4.557115272649685	1.7167448463402109
4.783179331446882	-1.0289390842479909
-4.902438920713767	1.6578703454283388
-4.693293725905186	1.896224878175015
5.717193158114798	0.5168882989304994
-4.758382994306458	2.04473205111357
-4.194853615111153	2.15848720523942
-4.748583649149209	1.7460492303828656
-5.17281678560077	-1.0946847532925252
5.883119692159025	-0.5022019798226214
-3.884038593948648	-2.5918613788016334
-1.1861422297891602	-3.2400705215822443
-4.691927773150533	1.376536818942598
2.038414286809023	3.184790873889907
0.08815978727725052	3.464236293799375
-4.251817521504439	2.299244649953327
-2.8284711359167285	-2.861726302582336
-5.300256649733645	-1.1847545731880167
4.04261929176852	-2.177177063784253
2.8723970419518956	2.7891038598071507
-5.347134413506051	-1.4359530124326976
3.6307406570324967	2.277257213199535
1.0582034169454713	2.95048536674176
-0.47200863752722105	3.0921392366653015
-5.497665947034553	0.9685268039696034
-1.7663081713444673	3.4100040409734955
0.30726351960867077	3.05400715664745
-4.567515088087576	2.064255389953874
4.341260284286378	2.1467322295509783
-2.511904656941574	-2.7884186681272216
5.5083326500693985	-1.2286722321482773
2.3044528741070733	-3.0148377990552775
-1.293209419668827	-3.4465799171997205
5.683390296728564	-0.06251329640104979
0.5357854403945905	-3.4319000307121805
0.9719783430410833	-3.0204135608980973
-3.697044575197413	-2.432104144232964
-1.5054795966541372	-3.134630563760158
5.343927575315523	-0.38518347424525295
-5.688280084065179	0.7078162793172114
-4.487945386152461	1.892154055791309
5.825628950765907	-0.10532257111201153
-3.1972176087900297	2.663475576784351
-5.544874733431887	-0.9667621411580645
-4.639173856031196	1.3580401201673853
-3.3936247100071064	-2.453942515539984
-4.853599604635333	-1.0775516493639778
4.009305560114349	-2.1177502199837703
1.147637641100325	3.2034970851031863
1.625580240518483	-3.1217122180678047
5.10524176960979	0.23260277153718315
-3.773241491537578	-2.2391644204835224
2.4954654294047494	-2.734137025399203
3.4581735185694487	-2.5417307800939004
-4.444270730709978	-2.03917332454373
-5.472172835046862	1.1344422305701547
5.239239886787825	-1.0358051958753889
-5.890095362239057	-0.1555409766582451
4.025914131390059	2.6547808785638405
3.3184274110407412	-2.6992377692792906
-5.327020265011222	0.8436737424540862
3.4846768389533804	-2.278375997200994
3.6801244909170614	2.491177141308204
4.178983979249969	2.131744708404913
4.7454700810838295	-2.0665662193028744
-5.53389890030351	0.41374079089379845
-1.8943537441690175	2.8681746568307114
4.7711158675166265	1.2946371245022459
-4.742108862782818	1.5187779064654217
1.017386395253368	3.2011808156285775
-3.8657737458290233	-2.220641971765674
-2.7080966700928224	2.9163894914778967
-3.1848218400265647	-2.705404408192211
-0.8174512786887799	3.032456183125183
-1.7689692799965786	-3.07163670582418
5.438335839607341	-1.1342107308195184
3.503617898523661	-2.8740514852671484
-3.4624282448793835	2.170436519840515
-3.1149638533735855	-2.763234847849764
-2.0587258891679783	3.075628175397136
3.273122373179956	-2.6112046752539495
4.828249011951684	1.808848336234655
-3.3363257761882625	2.500932928708691
5.522843032853071	0.8328209954149972
2.9781442762030492	-2.83290933861139
-4.876950464974051	0.7943555705045183
4.790669388242915	-1.879507148563056
5.313609466483864	1.5371304848977074
-0.26005636582646324	3.586001507079463
3.401027064170291	2.5707911172351015
5.064274516973057	-0.8572115915846826
-5.2543413983410465	-0.5848717944221827
-4.4321491406291464	2.032417512081343
-4.7481486155295425	1.6025020052914007
-1.085874023826799	-3.4746767532633327
2.199044116099832	3.2620309652256347
-5.056955662439489	-1.7027169333590686
5.25927698775675	-0.6305065762355568
-1.7269258355624613	3.3131565067966866
-5.504110541790524	0.3832819230075458
2.691073487531442	2.8519643956510157
2.24544584317454	-3.0242293028336458
-3.887593668901597	2.3845878900950574
-4.46875487943937	-1.8061757282888031
5.853868397771225	-0.5780655404270969
-5.151660692626118	1.1891096780738946
4.914412604435019	-1.4499692823658992
4.65854155643778	1.6821094029620807
2.804442070001199	-2.8112856131816972
4.3795349048329735	-1.945633231615605
-5.13864770841229	-0.9195168125138778
1.7433591607746306	-3.1346195811772564
4.978557340483593	-0.9329401655354407
1.33828080572356	3.496328106075907
5.028723215089893	0.6340362672578329
-1.9188385983191345	-3.083971925950009
-3.6192650429133817	-2.3717026448366307
-4.939340914370915	1.310153003381548
1.3904849944736297	3.0019287269177015
4.307816100087416	-2.283230724384504
5.0251970834887505	0.6063116956143924
-1.1926761195135642	-3.2231836271572623
4.158950401884521	2.1018023889075286
-5.304981522135712	-0.7150627073557599
5.370387318275992	-1.2111879882903112
4.032502764631763	2.3847057593848993
-5.325186538007104	1.1712072255902297
4.2718824207752055	-1.9931133960018999
-0.7062612473717015	3.127033429058442
-4.200587424303335	2.1819029615059864
-5.18722872719127	-1.1973587315797936
5.341634296139139	-1.2763543301798959
5.410954233574179	1.4221168538239217
-5.572111543091938	0.42936962499697195
-4.422289758390397	-1.8062822530693796
-5.39167575835619	-1.138317253466162
-1.5582776451599192	3.2512191651849722
3.9927271685875065	-2.0864703797447333
3.2992061717408427	-2.441546831121048
2.586794425969659	-2.860401985727777
-3.0464633395022607	-2.6155744061557433
2.2197645422134857	3.1480617262651878
5.733876878086229	0.6214201603340883
-2.5965165565845307	2.647707543886337
-0.33369508057736147	-3.0545338013027235
4.876219662387093	-1.9053471978638512
-0.6733234421362786	3.542312138450796
3.6341405272058216	2.215242656116452
-0.5985036191150799	-3.144820393222093
-5.741210776775373	0.7161130082141097
5.0357519745270105	0.18580426972085431
5.3443070658369445	0.9096626184908623
-3.8084757949797527	-2.1379586957484995
4.095045259760127	-2.308540941575379
-4.35020713421763	1.9773511402555388
-5.274412880251831	-0.9019533324275213
-5.006218953723798	-1.272643634523696
1.489243368972637	-3.244876138506503
5.891706145234221	-0.35299502971163454
3.576214378908351	-2.319657088889049
4.99335198770935	1.058685266446513
5.178678208476835	0.9285088010603919
4.945789985538635	-0.6879761570463518
-2.5882542787289093	2.8756465303663736
-3.516846674192245	-2.684796277465652
1.5318984845786192	-3.0370707439216633
4.0848644797484726	2.2927420284053355
-4.877236269627935	-1.7264416762247796
-3.6110100664108282	2.766346403152405
2.076422897493071	-2.929638783597185
4.619652534564783	-1.977195870303147
0.8807932564954676	2.9972310156981514
5.814483507234584	0.09569978538740621
3.086220771944097	-2.9078999208380636
4.908038322672449	-1.1842184720271078
-5.32613088651005	0.5647968210507139
-1.9807947256317373	3.104275691042981
4.426805967661516	-1.9530748693425355
-5.427374445125824	1.0768917512549385
4.568773317155135	-2.191717682932269
2.0169113224073905	-3.236768772313018
-1.3267641383633961	3.013542866896046
-3.8932151782014985	2.114281383895773
-3.2853399293394667	2.918900543975699
2.882118246324696	-2.9027329564903983
-5.405095955327732	0.728417805250886
2.667081271395804	2.742729138819776
-3.7611019956716345	-2.437016169368121
2.9766388163702846	2.8581805868298233
5.17384581333834	1.059300483263786
5.234608830644988	-1.4172375801383683
1.5976993258585166	-2.9328523645670406
-4.511663112330687	1.3330393771728597
1.1414107185993883	-3.0889087528645045
5.222550283805445	-0.7659910274752322
2.6172959750466944	-3.0892547631622183
2.4992944155047905	-3.1384445337943587
1.68848466727667	3.145093326273122
5.055605220266146	-1.6782902465855203
-0.25327723971515137	-3.590154835538918
1.6583299931905546	3.4054664655565725
4.924589887481708	1.5093575578105594
-4.7472817165539265	1.087546402009137
5.179190649599239	-0.528361934278558
0.04972204853718338	3.0177697558138172
-0.5258118963896845	3.36860196797539
-4.667805596065151	1.468795562595168
-2.89263813938801	-2.813014318553319
-5.342645823375938	0.7002034675458786
-2.7665469679013768	-2.762380587978045
1.1093958570540317	-3.2907732087589423
-3.3106259337750235	-2.7713672947580505
5.6107800177868965	0.11588995624010895
4.966983813645643	-0.6885252694952799
5.00379429948748	-0.24080171367601755
-4.194649496452352	2.0442692231957373
-5.5567464118142595	0.8602950604909592
-4.933404788360686	-0.9592885836122641
1.5628350631342443	3.1857482878370185
5.144413182342085	0.8854452200713565
5.1067142882528165	1.051815005506157
4.4679497584600005	1.8854898084236633
4.379491194328513	-1.8526542626925948
5.307962887095986	0.885916020560594
3.1863122457986672	-3.0246474954099845
-4.3063526220959725	1.7906235637496577
3.1057346883477326	2.6117118650671753
1.6161559582449003	3.411568233103569
5.489742164570717	-0.40740571325644787
-1.6591253413488272	3.361533685233976
5.730708668607469	-0.4350678380665327
3.606450006648687	2.475509851814856
-1.3259291972327494	2.9635878185303626
-0.8102399506486352	-3.3677815478483435
-5.786873979886598	0.6330890507513428
-0.5715581234286354	-3.445679779425398
4.687817901103032	1.9727927253960869
4.580746474364929	-1.7875538600425045
-5.511950332081437	-0.14167259419310363
-3.581251538068506	2.341093774711389
4.708367522267599	1.2505189713643856
-2.3829466531621475	2.946379498116521
5.4971617397682335	-1.2397722429714395
3.799816667507706	-2.584001956453679
4.423969292521621	2.2644466232688156
1.64707024907758	2.948017499271133
-4.685196299668533	-1.1975419123194881
-3.650463320614649	-2.30524638682143
-4.75002818320474	-1.0388168946429608
4.87079818531405	-1.6644702704835383
-4.538564909072734	-1.402525904461703
-3.54640871504757	-2.4624531316635694
2.618728593330292	2.738224707006328
-2.9853509085311036	-2.679036208702292
3.3095445644343635	-2.466592832744271
5.106180356470427	0.5274687826447547
1.5333861021484485	2.953894856610801
-5.406808124566649	-0.07717489476163368
5.113791185912232	1.363653726982299
-4.090568548445452	2.3008598921971655
-4.293073705939515	-1.7764176211476386
-0.4586186650495689	3.0951862425184546
-2.2838369296909145	2.8872795172359713
-0.14436162055151583	-3.1636397526927404
1.8513225511046398	3.107240904870166
5.84125584510459	-0.5651467321699813
3.1700444292423464	2.529974674700276
-3.259950612801229	-2.5977072923534332
5.241575025792814	1.1599098421159133
-3.893201208765673	-2.250961352603109
-3.033215956313204	2.872174545432805
2.0870237642914082	-3.098986077203948
-5.338394991913926	1.236005182040709
-5.696398182420171	-0.33331494489345087
-0.44666551181989816	3.091422115426569
-1.4304109899934765	3.1263336094507572
-2.7473998982482404	-2.857260723769504
-5.331293035348618	-1.4542519428782676
4.976013054190665	-1.4439164720340105
3.4890405294060383	2.3071527825769067
-2.0877508220861274	-2.9984996301520104
5.4748332745951	0.28122420999262115
-2.5186949872087507	2.808560461549551
-4.71272814798908	-1.3749421046417756
3.1226479198227866	-2.677169589002519
2.588341732639516	-3.0166766219402836
-5.051114742120077	-1.155970340919033
5.286853831999395	-0.03684620713425979
-4.9057822182041315	0.7694432603959165
1.6869426672294399	2.9777513135812637
-4.367489328335138	-2.03254646219038
5.3755962432984825	-1.0027766000815588
5.546850355081803	0.7629791346588162
5.306134072987761	0.42516298314437595
5.520145948300158	0.13086729993277224
-4.543742861934588	1.9790249579178463
-5.009558540674969	1.6929560382676387
-1.235864455671939	3.107100446917216
4.714936654956776	1.5475631036168025
-0.9242038726072199	-3.3653618404740313
-2.950373840281085	2.894282206276243
-4.6074424701882535	1.8052714680750224
1.0075378713157572	-3.294522367051093
-5.074468737525919	0.8057617843878496
4.8624464830774246	-1.320014513601808
-2.8122124930066557	-2.5729184107613845
3.568462707700289	2.652159762201762
-3.5207143170680886	-2.5357743369609858
-5.384347804799576	-0.7076237017659559
3.966730592301408	-2.2764723783665506
-4.503897329040202	1.8357278438005762
5.7157270992488	-0.4713880567350865
-4.231254260776851	2.029069828294225
4.279652486074268	-1.991715707898499
-0.7583410499338026	3.1147325967105983
-5.2380929699843275	0.8314596425543178
-5.194562430998277	-1.3470027422559856
-3.5624425492600063	2.6403353624408794
4.340979251829524	1.9305648748631499
-3.0817364376639698	2.9173943796237154
5.283508328467479	-0.7997545037870175
4.1934686829936965	2.285272087646048
-4.893804781152141	-0.68692891882116
0.6804670668611214	-3.5669139093188855
4.179683347988664	-2.035239020746212
1.2986913724389482	-3.21193755531206
-1.5239046115916404	-3.2028336518426155
4.874102830232511	-1.657055117573918
2.2956436197997734	-2.884446755457276
5.785255992686268	-0.20472206907693594
2.755959537725216	2.966855471565883
3.6716393611300195	2.547942984126959
4.939338629739073	1.252204948734172
4.224871537492565	-2.0608635926175594
3.5005826152585517	2.3082952063454476
-2.6237138293315563	2.6184774216340627
-5.811575182615289	-0.5456317850447474
-5.433954599296715	1.2106463153078892
2.683162005676396	-2.7395912412637986
-5.383915224984168	-0.31290884187897
-0.19385965104680095	-3.4591383186372107
-0.4634694979298448	3.0418435531879378
-4.605991578440401	-1.20602306119701
-0.5166726625574566	-3.3308662786967855
-4.101111891404134	-2.015750017562742
4.916192200350983	-1.1147029445565206
-2.305917284232432	-2.763211400775634
-3.0119164067515	2.896855867255448
3.4513896402145217	-2.3681428735640893
4.768110248051772	1.65796094152304
4.628859259440095	1.3364709844178748
-3.115767351508007	-2.3602906259411567
4.718400466409084	-1.494272538801548
-5.498414832662232	-0.6333713195083098
4.119373512082934	1.9877782762452447
-4.231894155456321	-2.138241252272997
-3.839107629556798	2.072730177283987
2.282196592204882	3.0699226605149237
-4.943470386020035	-1.0205950229548981
-0.44409016120091555	3.1225244900975304
5.687449206739536	0.6701434828372288
-4.826064080442691	1.3380949224132195
-3.7335062322367665	-2.3927219845212484
5.014174430894614	0.1161929429902964
1.6264986771025458	3.0818814903984646
-3.528466148176575	-2.4020328724134345
3.600156273900169	2.151290269985274
-3.3139354841693183	-2.5909274022407884
-5.444332230574614	-0.0596941394640929
-2.894232373634268	2.70600537572932
5.234462848707364	0.7763923352964293
5.097627452966768	-1.3865074609869807
0.4957858128229913	3.584485038450499
-2.1941110567162316	-2.8996844576627323
5.34417452446973	0.4484887273137165
2.125334686136314	3.13175912425272
5.0680353579465915	0.7120251769539009
-4.094171660495816	-2.147781284514655
-3.076317659597408	2.8242448956553425
-4.548924491392046	1.6774679776695014
5.135378276247687	-1.0708043912935141
-1.1304918506214463	-3.24871694788016
-5.170282725716414	0.20749566420283627
5.810629547526331	0.47417017164369063
3.866797969114611	2.3173984006127992
2.990207323273461	-2.7766196985213627
5.306078351620626	0.3368405709450086
1.6614766614245358	-2.888550463924814
-0.8895720956483918	-3.5145932647225773
4.729214311118467	1.8359244864078794
-0.48266477114912437	-3.070612164969507
-5.2909039321599955	0.9889553793868235
2.942328662465957	-2.5148423683188144
-1.1863691352748842	-3.2641741717049144
-0.8678874375788003	-3.3373050362696337
-5.497875159734997	-1.2701963674652927

2.8638473976652326	0.20791201989587652
2.8711195592598804	0.04902666380338654
2.8212369529195422	0.7217136156749446
1.5579921895083753	1.3530181806278458
1.3818019326833706	0.19436251070756497
2.3725739382710502	1.0816019072758958
2.081296001805585	1.3555672262383671
1.1405638336724848	1.040409895572334
2.8335134402211866	-0.8307913831825161
2.0923416937147503	0.41244800084540784
2.836017638722045	-0.9955693207086291
0.9318857089730641	-0.3323076560905936
1.9359424557432374	-0.3486203803265594
1.7440044276498181	-1.3373378848503887
1.5392039722520505	1.0723028385770588
2.6336895704068053	1.227965328336633
2.272245244326742	1.1237748695047263
0.789094446788825	-0.6660218915610137
2.8735257461181956	0.7881991864102956
1.786855202439412	1.2739393696639703
1.2727232733909402	1.2155544339505362
1.0777139553647714	-0.7724281574263693
1.1755171596256218	1.049263270446936
2.2482237648553975	-1.4063927147461064
1.5853940112374414	0.679185569189455
2.65812156372153	-0.32850980154594517
1.0473606396150372	-0.6621908089083258
0.8531695632111642	0.0261784134924304
1.7894973427382015	0.9802020456574138
1.9613205595481034	-0.6634424792626746
0.964946729501059	0.46244414416172663
2.480437733340118	1.3258495140570614
2.692473434633515	-0.2117781818008236
3.1620393130215643	0.6827658787527671
1.0203622379020691	-0.12498519769997185
1.2261019744707453	-1.0839347678170317
2.0770116983231937	-0.5458122521897805
2.7057516024874086	0.4135762839117021
2.9318594027127878	-0.27228829001071464
2.14697811099908	0.4936416541992338
1.7718223871728949	-0.47378874697878315
2.797987591354236	-0.039266409550057724
2.5148525381282854	0.8460397172095443
2.6141710536370155	1.0467385137903582
0.9845428163936831	0.39950853675726505
2.8129558324071926	0.8374797344313256
1.035618861957635	-1.0117252150781368
1.8411222969510541	0.8045215220477883
3.2790299460424275	0.6025769881441323
1.3163837757447399	-0.8736716843267638
0.6943820914344201	0.2605692401592182
3.1723649837059735	-0.5386975242071472
2.167764763525319	-1.046229760763112
0.9669421319509168	0.9992346369125202
2.5421806694900204	0.5955478138304379
2.555633457893375	0.9980658919748001
3.037857367560026	-0.8912798765133698
1.4914803177660634	-0.8483063177191276
1.4288041848249433	-0.7705074810122766
1.0409149810551468	-0.45491255747257675
1.866862443297383	1.054608327965297
1.802266394383085	0.9621948773378766
2.3748200587753088	-1.2012808807328694
0.9278163152708097	0.8331822378275424
0.857177635334154	0.6042459019857581
2.248023771258999	1.0265259307121026
1.2969332578819701	0.6183281371139028
0.8728193634752031	0.892269530952252
1.2237616102638018	-0.8618231328117122
1.6108963466312494	-0.9948721490429667
3.112746951314756	0.8192768496759506
2.9335580826095833	-0.9134613812525035
1.2691141849604337	0.430287673619035
1.8976595747641358	-0.6926234507515896
2.149174693367359	-0.644296391602718
1.9983408728220842	-0.42706346585698196
2.844678065257571	0.28416270105305785
1.9352658004240513	-0.16237212968221795
2.5623126768722386	-0.6170207601788128
1.0187610934873672	0.35222703737098787
1.8113403561991341	0.9630758030762617
0.6432205679489271	-0.058076876473985746
0.8618220126819385	-0.2999541145386856
1.7830152780853785	-0.6198228206917357
2.5696019644146784	1.2732982041178311
2.06039346801013	0.5876587530659411
1.8264574349142138	-0.02320037821978121
1.6984519910136315	-0.3784365997269845
3.262133431675486	0.29726149106673344
2.5303029061276456	0.21329008761021806
2.2127336351454145	0.6712113780631206
2.187167148739327	0.12982131524191193
1.572314426659697	0.05452140094329775
3.2529124244447454	0.3005009884658143
2.4746152959077956	-0.3397790672247243
1.6454968503028462	-0.01584434275957788
1.6398871387250997	0.08973127167309014
1.7372476066984937	0.8323730138989043
1.3823169645081457	-0.6910296018267832
1.3611301682013794	0.9271316560513879
2.270325181980387	-0.5539372821866299
1.5394146900831949	0.9992610728610241
2.025269589060219	0.08963208981790953
1.5742375716432013	-0.09894106258586965
1.245255691040124	0.6539303824317723
2.1956547570948226	-1.3923399403795693
3.1414315474802263	0.4356150761061995
2.419838965551806	-0.1621635390347506
2.6459897921852966	0.4851814336113348
2.8571654110828297	0.49856849608333886
2.9886588890489465	-0.210725562438934
2.1674111849592017	1.2825822740939752
3.0415531056823855	0.2325550143100663
0.8597800645179405	0.8366276866113572
1.3824282485720008	0.33981679171892165
2.9347222470796703	-0.7201056260095332
2.778017319381642	0.9322368850428684
2.820579623746395	-0.23428060329758063
3.243216303084715	0.30967326391274863
1.5244111843285513	1.2986043433399101
2.903772258444552	-0.7522248023660454
2.62001575580915	0.3663102645839977
2.5309501449750558	0.7217150503431289
1.7035278320502245	-0.4273878351272103
1.3713521745602857	0.5361359887193666
1.3209872209717657	-0.736527483684764
1.1944365760339004	-1.0247664767096487
1.4934327316562617	0.3125622618255468
3.2274679037205	-0.38925277358851046
1.2384919527282388	-0.3469248378217714
1.6639652275696504	-0.6875912055025959
1.1403605157181849	-0.29493689717128835
1.437838021681828	-0.015492669174212591
3.222066364275728	0.023316441711793368
2.068262011962571	-1.018687393432363
1.3916884381488748	-1.2224108883918445
1.7765074336657218	0.2518033954096606
2.079884899875336	-1.0271498111458244
2.5465204380986273	0.8941698324587616
1.5125030421745347	0.4526797416987783
1.71152729342926	-0.39041228968729885
1.1451360555811678	0.7878612226836799
2.9188973919719676	0.49741706705395733
1.9284454270037377	0.8161568008546515
2.0080222427028662	-0.6278685345400938
1.216233620334094	-0.20767238343400346
1.2961504517210614	0.650645513499537
2.180709375181461	0.5860076383645123
1.5449089282701554	-0.9719616571262497
3.0647657087295466	-0.20194014652350908
2.6529193019092774	-0.006869922724802451
2.5496749781828503	0.454144990904141
1.3189751834983443	0.15351447200391366
1.2811320595025308	0.7000218387487926
2.346917331008921	-0.547473637518063
1.7804904298598083	0.7734406321436437
3.174557518726063	0.8231536429234979
1.3471286661211448	-0.9091959281367612
1.9892128268251408	-0.8844694556118415
3.2604052441210443	0.11095483174048369
1.395998887691107	-0.48068251815721497
2.197924400830324	-0.2064909143606787
3.375669143170674	0.023288344450702617
3.1722545533220625	0.21535021880817917
2.906312762702493	0.3633885051757525
2.6659444242776	-1.0233233635773513
2.0642902220094332	0.6442148394205817
2.048072916931822	-0.5280956654066923
1.8765545943420157	-0.2884213069098701
1.5424108664813663	-0.9278248251539791
0.9722198736906331	-0.6435310960387185
2.102154609381591	-0.9073712465186028
2.0704209091177166	0.6698672061156477
1.4381234515583652	0.4043033509948522
1.7648967993083096	-0.20559714954878056
1.6527289103874898	-0.49434580597394895
2.2473073526779466	0.3371749733179788
1.7365082473582525	-1.318949576323684
1.949223601178589	-0.46475074571121233
2.972869372560444	0.7911832044083734
2.508191519891955	-0.9105675280054187
1.3791808376177317	0.49050199598476496
3.058030082364848	-0.5996372831361293
0.9308644244322541	0.08119149676030576
1.0207682556873423	-0.9536687116326605
2.478360594380969	0.7705183346767918
1.888988296006109	-0.3240821980091922
1.3645687258144559	0.814989523207725
1.0232537951848069	0.1926745248901762
0.9992024353957059	-0.4191544570477642
2.622511440037633	-0.3975400671031495
1.4380584708097914	0.4258933965674816
2.0249107693932675	-0.3190715190940338
2.934247098211381	0.42245809385791394
1.553079815863876	-0.3132975269327935
0.8812511685082738	-0.5449629863054691
3.3437722163204917	0.4859363248268954
1.2379494928604062	0.5400913395068375
1.353458914127252	-0.8004064374706369
2.446588311894356	-0.21432773616258474
3.3622887508374593	0.43231731737817747
1.975700841618344	0.05090091963058346
2.574852515250618	0.8156614266086514
2.997558477365746	-1.008655401065906
1.2953457344863142	-0.7518077132984278
2.495757595626655	0.14861733676566813
1.1195658771342358	-1.088629268582416
0.8928202688576443	0.10101559188853518
2.871800463161967	-0.26355970424924335
2.649738182444798	0.5847913165606975
2.078669257436603	-1.0845986107646033
1.270695173542254	-0.6226048848320689
2.5701376345438356	-0.4415900060312169
3.0310713173795207	-0.08651065598704488
2.5280478433041376	0.5913327214740618
2.732652305372129	-0.2995678829670678
2.388055140157582	-0.9665865997373899
1.5435144542401744	-0.437878116594011
2.385778213497085	-0.30904482705866
2.2516179816780952	1.1410854152905407
0.7214676315553867	-0.2442009269546829
2.9234302005983537	-0.7024982582996765
2.1871785467280853	-0.9893743250665409
2.1261429975975084	-0.7528417033876894
2.2150984164736935	0.843710819091708
2.446687953629967	-1.03120146054643
2.8967044861700884	-0.31393511481870373
1.3155955931212016	0.4457526503680829
2.010721027610225	-0.42776853460049125
1.3831282093772685	-1.1974894255995314
2.0563360523689433	-0.17966972081695332
1.6051326192613762	-0.9391879085195108
2.1705934537518043	0.5904923371916617
2.4010034144037213	-0.25229762816779966
0.7338550742138197	0.48741842489964116
2.2329888049886915	-1.190853921477091
1.7157085187883832	0.5440765921986135
1.8975826982098174	1.3481647337829152
1.769900572062181	1.2952342880875574
1.2236264429907484	0.18699966391645972
2.4219652118321315	-0.822721225077138
2.0328489000305483	0.5365412243761859
2.904765192018919	0.5847004829947526
3.0355025645656886	-0.02111194008236625
1.0295473417332963	1.005364830222988
1.4660281050814898	1.1366096751173904
2.563721550946691	-1.2238744708808658
2.6701287072126454	-1.0322545066176712
2.2440549484918195	-0.8847406940947008
1.9126459114880792	-0.47690660034473537
2.7830088794524563	-0.24114356950200294
2.5466978744222266	-0.7123281551846696
1.7734972509068316	0.21490925276511885
1.2914655955420498	-0.250000329032361
1.516487456382189	-0.8754695215802806
0.8136880889815288	-0.43980159581060596
1.9216133905126696	-0.9653268695601118
2.2434848197234754	-0.15121389880129846
2.603802795915941	1.2260750549003936
2.6484358843020543	-0.12043426238702669
2.898685194461122	-0.506519088607519
2.0139573439817235	0.4643827801967713
2.8291767152644542	0.1265698409790059
2.922580457656754	0.6490247932813353
3.2306734749125035	-0.44269193034479515
2.067676343493172	-0.6234988469177506
2.035391689735035	-0.7229697795931257
1.7178812748977452	0.5000520649428889
1.8485141510251657	-0.02871398371595728
2.698157891308872	-0.8645219847826054
2.325333100472163	-1.1082507697210737
1.8441346552848963	0.9357404773079687
1.045784789351063	-0.6384381120051563
2.446371673686182	0.9706539523720856
2.9903809342818035	-0.285590541301906
1.284701706503255	-0.8849026273872355
0.9644162627678161	0.10563597092074763
1.6914518241664103	0.8953616577965048
2.12940521210864	0.10810500081139589
2.078598109921156	-0.21752389030013478
1.4152527774560668	0.6772824582946754
3.256622915033925	0.4615112180718461
1.8012823723157543	0.2425021566876931
2.5059014031465883	-0.5256325977507926
1.8709117414510044	0.9448565866535138
2.003223744927924	1.3066512150271594
0.7518603513844206	0.2386218002544571
2.3359363410838996	-0.31533601729435395
3.1024533105689933	-0.03490847758585788
0.8180698335700478	0.6263708641006598
3.1350906680855264	-0.5104010559538856
2.106723887039031	0.65091787644873
2.368633002236761	0.2059612857130256
1.5602390027731197	0.6679381715478716
1.9602428080994738	0.08645504062411546
2.3179418544389616	-0.15524224272580142
1.584323951379928	-0.9459746757091451
2.6389022945206215	-1.1910839814222163
1.8679980374278984	0.4219240119208964
1.1669050760029962	-0.36681736595604053

-1.8217304273722006	0.5951620601179152
-2.0433642115668373	0.678421926864921
-2.1070945546019924	0.20617195043275124
-2.440147022186744	-0.15992690317193994
-1.8130355292207432	0.3406499480938707
-2.676507817011066	0.4352244137032672
-2.190419148197228	0.17252178056169398
-1.7570039125618253	0.009042929098975708
-2.0110853916520335	-0.029738202131165518
-2.3358270064441995	0.9085326328082866
-1.5620512979697116	-0.715175470882728
-1.4948282636299206	0.6121372545239631
-1.1012246564472203	0.1292188178983166
-1.213806772992759	-0.3788727330702465
-1.854316929060374	-0.011064959258090461
-2.470639587070796	-0.11932925761881034
-1.2382564791389312	-0.29515622002120434
-2.462560258942417	0.19126072877589012
-2.3495143469852677	0.6836734982664643
-1.197606928806655	0.22481981801348694
-1.8160667526588359	0.16518917190336946
-2.2110448600191424	0.6093944421742808
-1.6593589920396976	-0.0078007453550314205
-2.5228160094805516	0.15010986242462857
-2.214071926299463	-0.4233540706659587
-2.8994543991005717	0.023146826305952037
-1.9133617940428946	-0.8344074353930431
-1.58535852173521	0.8565128693471374
-1.9690821309112732	0.6347030610337541
-2.01242820386251	0.62024065169693
-1.9410465001392554	-0.6363559858497656
-1.515322342688666	0.19497119991507703
-1.5477868551856924	-0.3299744686015413
-1.7741736950870985	0.08132960147757921
-1.7596414593136245	0.2545423383071266
-2.0418710413099106	0.3181117662015431
-2.900552538950322	0.03379290098933198
-2.0722786250476535	0.7832919649545217
-2.305437668535571	0.491018585185553
-1.2618054296690635	0.01188573409125323
-1.2650604014489524	0.580428224237056
-2.7907606304047743	-0.21368276303277953
-2.8197072189936283	-0.508310087738222
-1.1206786957771986	-0.4163688423983978
-2.7493989644571037	-0.015757771244922284
-1.7197109983677215	-0.5677282292101073
-2.1935822759544172	-0.5878096002464591
-1.613820832995136	0.7540512678897298
-1.9010412309867715	-0.9119936658269825
-2.3103034651383916	-0.7293967941630857
-1.6604784252328335	0.7945049707512394
-2.634374111016404	-0.24292848084839166
-2.2230977547041553	0.8958281459472789
-2.7598503982458222	-0.31417057746784616
-2.5484747962434366	0.833884645246816
-1.2735179604888702	0.35889008744540923
-2.557248822744614	0.006460972290737494
-2.5166466124173006	0.016890235577782044
-2.894806697691419	-0.16599811228012062
-1.7300602341569313	0.7760615634842108
-1.613629212111327	0.14211864360840387
-1.8183507034447224	-0.3238805382146013
-2.2532411086160935	-0.958109129894101
-2.518342493694772	0.6110192092302198
-1.8754104859402643	0.04306673375215696
-1.4408099276767736	-0.1740256635036543
-2.766946310798971	-0.2582540137235029
-1.4897017410634046	-0.6955248552091895
-2.2680544925940707	0.2799944408465051
-1.1898225832532083	0.21468446513173267
-2.3838268216633267	0.16293330250092622
-2.6863794822872666	0.4721197326910208
-2.182876737075224	0.9647091654447543
-2.497913229783421	0.38015479035470173
-2.699435190771407	-0.3520819481818176
-2.8628991447886536	-0.4885388510378098
-1.5668272447025164	-0.8277057630022484
-2.930342910246759	0.0789854707825275
-1.5476190803933758	0.11233273572703817
-1.6857047606333078	-0.5149467699910543
-1.1888052138090677	0.32068337863226826
-1.656905209731082	0.9110552021579077
-2.1814481075567707	0.7690367337846463
-2.9324213711557285	0.31449644865053694
-1.787843923270782	-0.8027790373900735
-1.7947643712238646	-0.323114361812444
-2.007641907865216	-0.9420453342487858
-1.6733487652727592	0.5785038488321245
-1.4097466365728417	0.6407364789424553
-2.0295715868134896	0.2258473410050486
-2.8960385898025507	0.07169972608254561
-2.070034071320044	-0.3502087463924153
-1.979743494684804	0.9360398729764393
-2.734430539044673	-0.0906056084699098
-2.6582582483975523	0.6729702062078458
-2.187257168043822	0.861268005034115
-2.70826061697155	0.18338788484611634
-2.7830669815800153	0.18078272353027838
-2.201205815016628	0.31733606026261674
-2.586941385550684	0.12496254657796392
-1.5324012874158732	0.35577243006145987
-1.8407098077206558	-0.21354148241416807
-1.9376515587000793	-0.27677942871607203
-2.057623314427751	0.05799548297206766
-2.4586619613162144	0.13197175844359765
-1.278076914388764	-0.2534702049196015
-1.754692401106896	0.9206377695548869
-1.8429105454971586	0.6592137604351977
-2.215139613608052	-0.8292787866084557
-1.2063600380123987	0.02664177809727258
-2.634737920037013	-0.3322932159511625
-2.7575850772990713	0.06851106928699979
-1.8028968363017994	0.5073577511167306
-2.239176964761668	-0.03677253906092246
-1.6094608170699276	0.41891253384063254
-2.690161090805359	0.2739960092189028
-2.2652216835541408	0.830180160996941
-1.492097047043865	0.0589199590810814
-2.180799841741271	-0.619146517916553
-2.0476961741748143	0.6198504393963677
-1.56362568028465	0.32756420207926024
-1.882324213757875	0.13686175113503643
-1.5529060004946862	0.13399539486779108
-1.9313336561757681	-0.12456630115999283
-1.9545989475574435	0.4342602674468979
-2.456699519296756	-0.8594223657079338
-2.8681284162937026	0.3345671692092133
-2.7128652423169224	0.15709918584987248
-1.876058227505246	-0.26117073288127934
-2.3132868264057964	-0.9114636036368357
-2.4349211400965793	0.015681194041269803
-2.477022591862789	-0.8696151128475238
-2.219815358687536	-0.02304688753809394
-1.7256156629749269	-0.015545116803649187
-2.168037560383519	0.053354156682287095
-1.5563975126963565	-0.13592331124321927
-1.921779766292227	0.12899035377726512
-1.2644798846985585	-0.4887293057115286
-1.692986758339932	-0.7465299568800177
-2.1101800418365286	0.6935596321532719
-1.1966710514737455	0.2580925303107559
-2.288703868167127	-0.2287721777320277
-2.198665379107831	0.4767723466738251
-1.8456946597291344	-0.6875895619155924
-2.1073860339862573	-0.25840172741420564
-1.8909878990514641	-0.3071204468640191
-2.2573251593994095	-0.05809692582256495
-2.1442277274675794	0.3944003651287839
-1.242279615396478	-0.29904806905264864
-2.5840283169608886	-0.2096452630234902
-1.9691470651447467	-0.5269894649253396
-2.167083584252479	-0.2953750799893559
-2.1827944616538137	-0.8423014073999716
-1.4214228176371586	-0.009476721013092972
-1.873537604320664	0.15600279268082903
-1.175680923241094	0.25451953337639527
-2.235670099238391	0.7574251608870147
-1.556388997190553	0.4096157139937197
-2.158920307416904	-0.2553461162281695
-1.4279161518467125	-0.6722257799534359
-2.5419680220549496	0.0410753031938279
-2.806404644605793	-0.540430071467533
-2.312221575706186	-0.9023963653337697
-1.7908289626650389	-0.2463112326878478
-1.7594244436888826	0.3388931152389193
-2.1202357143431656	-0.416654961578676
-2.600311219774892	0.3213024933409813
-2.32562923397966	0.15325080960895962
-1.7121262373460922	0.4122559760752212
-2.463064918714941	-0.6165473617754784
-2.5599432183584945	-0.3176208244078667
-1.9275019735842724	-0.8380115732677247
-1.7860398278854661	-0.8036936829529684
-1.137697111016037	0.04595059816268698
-2.1455546860942567	-0.16410499273000598
-2.035967089735532	0.36503124191066594
-2.6644784892498423	0.5146837960184999
-2.436357444508386	0.2989572814628843
-1.4393035836823658	0.2949795311758181
-2.4861983890539663	-0.47375428117789337
-1.5749628373825084	-0.29810152176713595
-2.2632965506143545	-0.5555332817052558
-2.067908265924788	0.8702296956071176
-2.061034194267737	-0.46738467928176564
-1.8140893122136295	-0.1731959564284545
-2.634436277281474	0.5598429575381284
-1.1756910414172115	0.2412509548011605
-1.602474644970869	0.0950658019700158
-2.389166292914636	-0.5361683462404772
-1.4522311831831056	0.7291504710534836
-2.981956338069901	0.06574491651363354
-2.666117092475284	0.6151187358970113
-1.6350546967593018	-0.8611090963572557
-2.2993226212785802	0.019006717244260663
-2.7548493445911095	-0.2756603122689122
-2.607776569793898	-0.3634523651043925
-2.453135519261143	-0.8122167189913433
-2.071560675859443	0.020164617759163887
-2.2322284965007966	0.4175859686034314
-1.2820310091030849	-0.6001688124489021
-1.8308845324010057	-0.8335723236115639
-1.4009983741341725	0.41892307678557694
-1.2155321585855714	0.20091520004410696
-2.6671044355808764	-0.4316376147399548
-2.3958077149884547	-0.23750862973449732
-2.5208976054126064	0.10546571540460113
-1.4741548178187474	-0.2654532826079566
-2.8764532129236473	-0.17642431818125714
-2.7816043153690155	0.6080809873342263
-2.6572111164398473	-0.29094920795773765
-2.243622328670238	-0.7817347078135473
-1.7377921052037666	0.7546004213723754
-2.51756409929469	0.5966468458781111
-1.1099301777317052	-0.40229541941205116
-2.397275842395824	0.5493259326204726
-1.877767925289159	-0.8460469514073241
-1.6525181550221486	0.17243021044459333
-2.151401769343467	-0.023713049223339965
-2.587968805808419	-0.5017367797410449
-1.54039142512448	0.3833691757391345
-1.04675655859158	0.17930977040301407
-2.455054650762321	-0.8861836850794729
-1.1156713712939572	0.09701894924353331
-1.9697629119048081	0.05809426224766597
-2.4156010235376106	0.6642622789557298
-1.8686260678467896	-0.23636445494257843
-1.1532438770215918	0.37557286971884635
-1.2478766129310253	0.5982719373253962
-2.3819251654317797	0.8658535980606116
-1.2831917738089116	-0.15908107533368154
-2.2288911210945432	-0.22209305613229136
-2.203205715083367	0.11559345936520131
-2.066686867420254	0.3815731322292574
-1.9884161114184289	-0.4278981602350719
-2.4476373017430157	0.28998601862962536
-1.9181227305189616	-0.6901745156453531
-2.205286489208573	-0.6940163359107944
-2.3577170014318125	-0.02619320347070218
-1.2463317454725282	-0.42579130970001217
-1.4914986236405028	-0.7102868233205948
-2.244671116662859	0.20278514003104411
-2.194137896809443	-0.8906376243549916
-1.6305741663906321	-0.4948875512080232
-1.9070605122749982	-0.6526384076097579
-2.4178984326149107	0.7694934291860464
-2.5663094099089463	-0.16521630265249876
-2.1472319349457987	-0.5162131725554381
-1.896886676105603	-0.34539922920293453
-1.7516527827559667	0.49615749725093944
-2.0332164167182616	0.24552768138652914
-1.2379104053819785	-0.40551912132475126
-2.2478845577239035	0.5754248212673166
-2.230255134698145	0.05236007098747554
-2.886784909487412	-0.11259064402085872
-2.9116212779119843	-0.11983494214782639
-1.5439858858674014	-0.885769057847419
-2.293954043589619	0.8778130067044515
-1.4163560660920491	-0.35453658635430285
-1.201834097739265	0.2140127690078909
-2.83865078967791	0.19612646428913552
-2.05733097692088	-0.03720632938523029
-2.080291946522085	0.11957068329196244
-1.4838249080142225	0.47263639779348326
-1.7446894473240797	-0.47433365483848233
-2.0324178821677172	-0.8767935942093563
-1.5438744127246726	-0.857109970922321
-2.4477149702594123	-0.6433613409728978
-1.963333276445206	0.544009753081959
-2.429347521692699	0.03288238913279381
-1.5177141338598419	-0.7036419821089152
-2.3073048463725563	0.6836854183335631
-1.673538872881529	0.6092704063628384
-2.233563339310734	0.07423761303043579
-1.9585471671784398	-0.7265609033041405
-2.50168520982331	0.8214242479145653
-1.271756535764884	0.5625075348956009
-1.3282732985096968	0.3909957586473494
-1.9757888531578478	0.07839709399740086
-2.7708588623755612	-0.06795776113985355
-1.9987499946528973	0.9183797853555357
-1.0780392604628206	0.12831414889389992
-1.8729818146499053	0.18572101633195962
-1.7159676085412503	-0.09122588083009625
-2.7452418431915073	-0.03430718591117965
-2.094479045344954	-0.9384697418802829
-2.2140013177248803	-0.4104656682675006
-2.1006955309069943	-0.45185247509194376
-2.0647289173847136	0.7500541739543928
-1.9843797769846492	0.6299076288092983
-2.6947699684117103	0.28375374717700574
-1.6560536016363008	-0.7013970427647485
-2.2004769568185405	0.9611984429762757
-2.674574261218975	0.6274277179360124
-1.7335084223554198	-0.2723025631918692
-2.047680360258845	-0.9516084960147545
-1.3500776505761265	0.5545581319855896
-2.966513937399834	0.1639001269803109
-1.5842389744087153	-0.13013290864894736
-2.1541210833944477	0.13446640319451314
-2.226941634727276	0.42018354824290693
